26
0 6 0 0 0 0 0 6 0 0 0 0 4 0 1 0 0 1 0 0 0 0 0 0 2 0 
6 0 7 0 0 0 0 7 4 7 0 0 2 5 3 0 2 0 6 0 0 0 0 7 0 0 
0 1 0 0 0 0 0 0 0 0 0 0 0 0 0 0 0 0 0 0 9 0 0 6 8 0 
0 0 0 0 0 0 9 0 9 0 0 0 0 0 0 0 0 5 0 0 10 0 0 0 0 0 
6 9 0 1 0 0 0 0 5 0 0 9 0 8 0 4 0 0 2 0 0 5 0 0 0 0 
4 5 6 0 9 0 6 10 0 0 0 0 0 0 1 1 0 0 0 5 8 0 0 0 5 0 
1 0 4 0 7 0 0 0 0 0 0 6 0 5 10 9 0 7 0 0 1 0 0 0 4 1 
0 0 0 3 0 0 0 0 0 0 0 0 0 0 0 9 0 0 0 0 10 0 0 0 0 0 
0 3 0 0 0 0 0 0 0 0 0 0 0 0 8 0 0 0 0 0 0 2 0 0 0 0 
0 7 0 0 2 0 8 4 0 0 3 9 0 0 0 0 0 8 0 0 0 0 0 0 10 0 
0 0 0 1 0 1 0 0 0 8 0 0 8 0 0 0 0 0 0 0 0 0 0 8 0 7 
0 7 0 0 2 0 6 0 0 2 2 0 0 0 0 0 0 0 0 0 0 7 0 0 8 9 
0 0 1 0 7 3 0 0 0 1 3 0 0 0 0 0 9 0 2 0 0 0 0 2 0 0 
0 2 0 0 0 0 0 0 0 0 0 0 0 0 0 6 2 0 1 9 2 7 0 0 0 10 
1 0 0 2 0 0 0 6 0 7 6 0 0 0 0 0 10 0 1 0 0 2 0 0 0 0 
7 0 0 0 0 8 0 0 0 0 0 0 0 0 0 0 0 5 0 0 0 0 4 0 9 0 
0 6 0 0 0 0 4 0 10 7 0 0 0 0 0 0 0 0 0 0 9 0 0 7 0 0 
0 0 2 6 4 0 0 10 0 0 2 8 0 10 0 10 3 0 5 4 0 0 0 0 0 3 
0 0 0 0 2 0 0 5 0 0 0 6 0 1 0 0 0 0 0 0 0 2 7 9 0 0 
2 0 0 0 5 10 10 0 0 0 0 6 4 10 0 0 7 9 0 0 0 0 0 0 0 0 
0 0 0 4 4 7 0 0 0 0 0 0 0 0 0 0 0 0 8 0 0 0 2 0 0 0 
0 0 0 0 0 2 0 6 0 0 0 0 9 6 0 0 0 0 0 0 4 0 0 3 0 8 
0 0 0 2 0 0 0 0 8 0 0 0 0 0 0 0 7 5 0 0 0 0 0 0 5 9 
2 6 3 0 1 0 4 0 0 7 0 9 0 8 0 0 4 0 9 0 9 0 0 0 0 0 
3 0 3 0 0 0 10 9 0 0 6 8 0 0 0 0 0 0 0 7 0 0 0 0 0 0 
0 4 0 0 4 0 0 0 0 0 0 0 0 0 0 0 0 0 0 0 6 9 0 0 0 0 
