19
0 0 4 0 9 7 10 0 5 0 10 6 0 6 0 0 0 0 0 
0 0 0 0 9 0 0 0 0 0 0 0 9 0 10 0 5 0 0 
6 0 0 0 6 0 0 9 0 9 0 0 0 0 0 3 0 8 5 
0 0 0 0 6 6 0 10 0 0 0 0 0 0 0 0 0 0 0 
0 0 0 9 0 0 0 9 5 0 0 0 0 0 0 0 0 0 0 
0 3 0 2 10 0 0 0 0 0 0 0 0 0 0 0 0 0 0 
0 0 0 0 0 0 0 0 0 1 0 0 3 3 0 0 0 0 0 
5 4 0 6 2 0 0 0 0 0 6 6 0 0 0 0 0 5 0 
0 2 0 7 3 0 0 0 0 0 0 0 7 0 0 0 0 5 0 
0 0 0 0 9 10 0 4 0 0 4 0 0 0 0 0 0 4 0 
5 0 3 0 3 10 1 0 0 0 0 0 0 7 0 0 0 0 0 
0 0 10 0 9 1 0 0 9 1 0 0 0 0 2 0 0 0 10 
0 0 0 0 0 0 0 0 5 0 0 0 0 0 1 10 0 7 0 
0 3 0 0 0 0 0 0 7 0 5 9 0 0 4 0 1 4 0 
0 0 3 0 0 0 0 6 10 0 0 4 0 0 0 0 0 0 0 
0 0 5 0 0 0 9 10 0 0 0 7 0 0 0 0 0 1 0 
0 0 0 5 0 4 0 8 10 0 0 0 3 0 7 0 0 9 3 
0 6 0 10 6 0 0 8 10 0 0 1 3 0 6 0 0 0 0 
0 0 0 0 0 0 0 0 0 10 0 0 0 0 0 9 0 0 0 
