32
0 0 2 0 4 0 0 0 0 0 0 0 0 0 0 8 0 0 7 0 0 0 2 0 10 0 3 6 5 0 1 3 
0 0 6 0 0 8 0 0 0 0 6 0 0 0 0 0 0 0 1 0 0 0 0 0 10 0 0 0 0 0 9 0 
0 0 0 0 0 0 0 6 0 0 1 0 7 0 0 2 3 0 0 6 0 0 0 0 0 4 0 0 0 0 0 0 
0 2 0 0 0 0 9 0 8 0 0 0 0 0 0 0 10 4 0 0 0 6 0 0 0 0 2 0 8 0 0 0 
0 0 2 0 0 0 0 0 4 0 0 3 0 0 0 0 0 0 7 0 0 0 2 0 0 0 9 0 0 0 0 0 
0 0 0 0 0 0 8 0 0 9 0 0 0 0 0 0 0 0 0 4 0 0 0 7 8 0 0 10 0 0 0 0 
0 0 0 10 0 0 0 0 7 0 6 0 0 0 0 4 0 0 3 1 0 0 3 0 0 0 0 0 0 0 0 0 
4 0 0 0 0 0 0 0 6 3 0 8 0 0 5 0 0 0 0 0 0 2 3 0 0 0 0 7 0 10 0 5 
0 2 0 0 0 0 0 0 0 0 0 0 0 0 0 0 0 10 0 0 0 7 0 0 0 0 0 8 0 0 1 0 
4 0 0 0 0 3 0 0 8 0 0 0 0 10 2 0 0 0 0 8 0 0 0 7 0 0 0 6 0 0 8 0 
0 0 0 0 0 0 10 7 0 0 0 0 0 0 0 3 1 5 0 0 4 0 0 0 0 0 0 0 0 0 6 0 
0 0 6 0 0 4 0 0 0 0 0 0 0 5 0 0 2 10 0 0 3 0 0 8 1 3 0 0 0 0 0 0 
0 0 9 8 0 0 0 0 2 0 6 6 0 8 0 0 0 6 0 0 0 0 0 0 0 3 4 0 0 0 0 0 
0 0 0 0 3 0 2 0 5 0 1 1 0 0 0 8 0 0 0 0 0 0 0 0 0 2 0 8 0 0 0 4 
0 0 0 0 0 0 0 0 0 0 10 0 0 0 0 0 0 0 8 0 0 0 5 1 2 9 0 0 8 0 8 0 
8 0 0 0 8 0 9 7 0 8 4 0 1 4 1 0 0 5 0 9 0 0 0 8 0 0 0 9 0 6 6 0 
10 0 0 7 0 0 0 7 0 0 0 0 0 9 0 0 0 2 0 0 0 0 0 0 0 7 0 0 0 0 0 0 
0 0 2 0 0 0 0 4 2 0 0 0 0 6 0 0 0 0 0 2 0 0 1 0 0 3 0 0 9 0 7 0 
7 7 0 0 6 0 4 1 2 0 0 0 0 0 0 2 0 6 0 0 0 0 0 0 0 0 0 0 0 3 4 0 
9 0 6 0 0 0 10 7 0 0 4 0 0 0 0 0 6 0 4 0 0 0 0 0 0 8 8 0 0 0 9 0 
0 9 0 2 0 0 8 0 0 0 0 0 4 3 6 0 0 0 0 0 0 0 10 4 0 0 0 0 6 0 2 5 
0 0 0 0 0 0 0 0 0 0 0 2 7 0 0 0 10 0 0 0 3 0 0 0 0 0 0 6 0 0 8 0 
5 0 0 0 0 0 0 0 0 0 0 0 0 9 0 0 7 0 2 0 0 0 0 4 5 0 0 4 10 10 9 5 
0 4 0 0 0 0 0 6 8 0 0 0 0 0 0 0 6 10 0 0 0 0 0 0 0 0 0 0 0 0 0 0 
0 0 0 0 0 2 0 0 0 10 9 0 0 0 0 0 0 0 4 6 0 0 0 10 0 0 0 0 0 0 0 0 
1 0 0 0 0 0 9 0 2 10 0 7 0 1 1 0 0 0 1 0 6 0 0 10 0 0 0 0 0 0 1 0 
0 0 0 4 6 8 0 1 0 0 0 0 0 0 8 0 0 0 0 0 8 0 0 0 0 0 0 1 0 0 0 0 
0 5 10 2 0 0 0 0 0 0 4 0 0 2 0 1 0 0 0 0 3 0 0 0 7 0 0 0 0 0 9 8 
9 0 0 3 2 0 0 0 0 0 0 0 2 0 0 0 0 5 0 0 0 7 0 0 5 0 0 0 0 0 1 0 
0 0 5 0 0 0 0 7 6 6 0 0 0 0 0 0 0 6 0 0 3 0 8 0 8 0 0 7 0 0 0 9 
0 3 2 0 0 0 0 2 0 7 0 10 0 10 0 0 3 3 0 0 0 0 0 3 0 9 9 0 0 0 0 0 
0 10 0 1 4 0 5 0 0 0 9 0 0 0 1 0 0 0 0 0 0 0 0 0 0 0 0 5 0 0 5 0 
