18
0 0 9 0 10 5 0 7 9 0 0 0 9 0 0 4 5 0 
0 0 0 8 5 0 2 0 0 0 0 0 0 2 0 3 6 0 
7 2 0 0 4 4 0 2 0 0 0 0 0 0 0 2 0 1 
0 0 0 0 0 0 5 0 0 0 0 0 0 5 0 0 0 0 
9 0 6 0 0 0 0 0 0 0 0 0 8 0 4 0 0 0 
0 10 0 0 0 0 7 0 0 0 0 0 0 5 0 8 0 10 
0 5 0 0 0 0 0 0 7 0 0 0 6 7 4 0 0 0 
9 0 1 0 0 2 0 0 0 0 0 0 0 5 0 10 0 0 
2 0 0 9 0 0 9 3 0 0 0 1 0 0 0 0 0 0 
1 0 0 8 0 9 0 4 0 0 0 0 0 0 0 10 0 0 
0 0 0 0 0 0 0 1 0 0 0 0 0 0 0 10 0 3 
7 0 0 0 9 0 0 0 0 0 5 0 1 9 5 10 4 10 
0 0 0 0 0 0 0 2 0 0 0 1 0 0 6 0 0 0 
0 0 0 10 2 0 3 10 0 0 0 0 6 0 1 0 4 7 
5 0 0 0 0 0 0 0 0 8 0 0 0 0 0 0 0 0 
0 0 0 8 0 3 0 0 0 0 2 3 6 0 0 0 1 0 
0 0 8 0 6 0 0 4 0 6 0 0 10 0 0 0 0 0 
7 6 0 1 9 0 0 0 7 4 0 4 0 0 6 2 0 0 
