27
0 8 0 0 0 0 0 10 0 0 0 0 0 7 3 0 9 0 0 2 4 3 0 0 6 0 0 
0 0 0 0 0 0 6 0 0 0 0 9 1 1 0 0 0 0 9 8 0 0 0 0 0 0 0 
0 4 0 0 0 9 0 0 10 5 0 0 0 0 0 0 0 0 0 7 0 0 0 0 0 0 0 
0 0 0 0 10 0 0 0 9 0 0 3 0 0 0 6 8 10 5 10 0 10 8 8 0 6 0 
0 8 8 0 0 0 0 0 0 0 0 0 6 0 3 7 2 9 0 2 3 0 0 8 0 0 0 
0 0 5 0 0 0 0 9 0 0 0 10 4 4 0 0 0 0 0 0 0 4 0 0 2 0 0 
7 0 0 2 0 0 0 6 0 0 0 0 3 0 9 5 0 0 0 0 6 0 10 0 0 7 0 
0 0 0 0 0 7 4 0 0 7 0 0 0 0 0 8 3 0 4 0 0 0 0 0 0 4 0 
1 0 0 4 0 9 0 9 0 5 0 1 9 0 0 0 0 7 0 0 0 9 0 7 0 0 0 
0 0 0 0 0 0 0 0 8 0 0 0 8 0 0 8 0 0 0 0 0 0 0 1 2 0 0 
9 0 0 0 1 7 0 0 0 0 0 0 0 2 0 0 0 0 8 3 0 0 9 0 0 0 7 
0 0 0 0 0 5 0 9 1 0 0 0 4 0 0 0 6 0 0 1 0 6 10 0 0 0 5 
0 0 0 9 9 0 0 1 0 0 0 0 0 0 0 0 2 0 4 0 10 0 0 0 0 0 0 
0 0 0 0 0 0 0 6 0 0 0 7 0 0 7 10 0 0 0 0 8 0 0 0 0 0 0 
0 0 0 5 0 0 0 0 1 0 0 0 3 0 0 0 0 9 0 0 0 4 0 0 0 0 0 
0 0 0 1 7 0 6 8 0 9 0 0 0 0 7 0 4 0 7 8 0 5 0 0 0 8 0 
0 0 0 0 0 3 0 2 0 0 0 5 2 0 0 0 0 0 0 0 0 0 0 0 0 0 0 
0 10 6 0 0 0 0 5 5 0 8 5 0 0 7 0 0 0 0 0 2 0 0 6 9 2 0 
0 2 0 0 0 4 0 0 0 0 4 0 0 0 0 0 0 0 0 10 0 0 0 0 0 0 0 
0 0 4 0 0 0 0 0 0 0 0 0 0 0 0 0 0 8 0 0 0 7 0 7 7 0 0 
0 0 0 0 6 5 0 3 0 0 3 0 0 0 0 5 0 0 3 0 0 0 7 0 10 2 0 
3 0 0 0 0 0 5 1 0 10 0 0 3 0 0 0 0 0 0 0 0 0 0 0 8 8 0 
0 0 0 0 7 0 0 7 0 0 5 0 0 0 0 0 10 5 0 0 0 0 0 2 0 6 0 
0 0 0 6 0 0 0 0 3 0 0 0 9 0 0 0 10 0 0 7 5 0 4 0 0 4 0 
0 0 0 0 0 4 0 0 0 7 0 6 0 0 0 0 6 0 10 0 0 0 0 0 0 1 0 
8 6 0 1 0 0 0 0 0 0 2 7 0 0 10 0 0 3 0 2 0 0 7 0 0 0 0 
0 0 7 0 10 3 0 8 3 0 0 7 0 10 0 4 0 0 0 1 0 0 8 0 0 10 0 
