21
0 10 0 0 0 9 0 0 0 0 0 4 5 6 0 0 0 0 0 0 0 
0 0 0 0 4 10 0 0 0 0 5 0 2 0 0 0 0 0 0 0 0 
0 0 0 0 0 4 0 0 0 9 0 10 4 5 0 0 2 7 0 0 0 
0 0 0 0 4 1 0 0 6 0 9 1 0 0 8 0 6 0 0 0 4 
7 3 0 0 0 0 0 0 0 0 0 0 0 2 1 9 0 0 0 0 0 
0 0 0 0 0 0 0 0 0 0 0 0 3 0 3 2 0 9 6 3 0 
0 1 0 0 0 0 0 0 0 0 0 5 0 8 8 0 0 3 0 6 0 
0 0 8 10 0 6 0 0 0 0 0 0 10 0 0 0 0 0 0 0 9 
0 0 0 1 0 2 0 0 0 0 0 0 1 8 6 5 0 7 0 0 0 
0 0 0 6 8 9 0 6 0 0 0 9 0 0 0 7 0 4 0 10 4 
0 0 0 5 0 6 3 4 0 1 0 0 0 0 0 5 0 10 0 0 0 
0 0 0 3 7 9 0 0 1 0 0 0 7 0 0 3 0 9 0 0 0 
7 0 0 5 4 0 0 0 0 0 4 0 0 0 8 0 9 4 7 7 0 
0 7 0 0 0 0 0 0 0 0 0 0 0 0 0 0 0 0 0 0 0 
10 6 0 0 0 0 0 0 0 0 0 0 0 0 0 0 0 4 8 2 0 
0 10 0 0 3 0 0 0 1 0 5 0 0 6 6 0 0 0 0 0 4 
0 0 0 0 2 3 0 5 1 5 3 8 0 5 0 0 0 0 8 0 8 
0 0 0 0 10 0 10 2 0 0 6 0 0 0 5 0 0 0 9 0 0 
9 0 0 7 7 6 0 0 9 4 0 10 0 0 0 0 0 0 0 1 1 
0 4 3 0 0 0 0 7 0 1 0 0 0 0 0 9 0 0 9 0 0 
0 6 0 0 0 0 4 0 0 0 0 0 4 0 3 0 0 0 3 0 0 
