20
0 7 4 2 0 0 0 7 0 0 1 0 0 0 7 1 10 0 0 0 
0 0 0 1 0 6 10 6 5 0 0 0 0 9 0 0 0 0 0 0 
5 0 0 0 0 5 0 0 0 0 10 0 0 0 0 0 0 0 0 0 
0 0 0 0 0 3 0 0 0 1 0 6 6 0 0 9 0 0 10 8 
7 0 0 4 0 7 0 0 0 5 10 0 2 0 0 0 0 10 4 4 
0 0 1 0 0 0 4 0 0 0 0 0 0 2 0 0 6 8 4 1 
3 1 6 0 0 0 0 9 0 0 0 0 8 0 3 0 0 0 1 0 
0 4 0 0 0 8 0 0 0 3 0 0 8 0 0 10 0 0 5 0 
0 0 0 0 0 0 0 1 0 0 0 2 0 0 0 0 7 0 0 0 
0 0 9 1 0 1 0 3 0 0 7 0 0 9 9 1 0 0 0 9 
5 7 0 0 0 0 3 4 0 4 0 0 0 0 0 0 9 0 0 8 
0 10 0 0 0 9 0 0 0 0 0 0 0 9 0 5 0 0 3 0 
0 3 7 0 0 8 0 3 10 9 0 0 0 6 0 5 0 0 0 0 
0 0 0 0 0 0 0 0 6 0 2 8 6 0 5 4 0 2 0 8 
0 0 0 1 0 6 0 0 0 0 0 0 0 0 0 0 10 0 2 0 
0 0 0 3 0 0 9 3 7 0 2 0 0 0 0 0 0 0 0 3 
0 0 0 0 5 0 0 0 0 10 2 1 0 0 0 0 0 0 0 8 
0 10 0 0 0 0 0 0 0 0 0 3 0 0 0 0 0 0 0 0 
10 0 6 0 0 5 0 0 5 0 0 0 0 0 7 1 0 0 0 0 
0 0 0 0 0 0 0 7 0 8 0 0 9 0 0 7 1 5 1 0 
