17
0 0 0 9 0 0 0 0 3 0 0 8 10 0 0 0 0 
0 0 6 0 0 0 0 0 8 0 5 0 0 9 0 0 0 
0 0 0 0 0 0 9 0 5 0 0 0 4 0 0 9 0 
0 8 0 0 0 5 0 3 0 6 0 0 0 0 10 0 9 
5 0 0 0 0 1 0 0 0 8 0 0 0 0 0 0 0 
3 0 8 0 9 0 0 0 0 0 0 0 0 2 0 7 0 
3 0 0 3 0 0 0 0 0 0 0 0 0 0 0 0 0 
2 10 0 3 0 0 4 0 0 0 0 0 0 0 0 9 9 
2 0 0 0 0 0 0 8 0 0 0 0 0 6 0 0 0 
10 2 0 0 0 0 3 0 10 0 0 0 0 0 0 0 0 
0 0 0 0 0 8 0 10 10 0 0 0 3 0 0 3 0 
0 10 9 1 8 0 0 0 0 0 2 0 0 0 0 2 0 
0 0 0 4 0 0 0 0 8 0 5 9 0 0 0 0 1 
0 0 2 0 0 10 0 0 0 0 6 0 0 0 0 0 0 
0 0 4 0 0 0 0 5 4 0 7 0 0 0 0 0 0 
0 10 0 0 1 0 0 0 0 0 6 2 0 0 9 0 0 
0 6 0 2 0 0 0 0 3 6 0 0 0 0 0 0 0 
