29
0 0 9 0 0 0 0 0 0 0 9 10 0 3 0 0 0 0 0 0 0 0 0 0 1 0 0 0 7 
0 0 0 0 0 0 0 0 10 0 0 0 10 0 0 8 0 0 0 0 0 7 0 0 0 0 0 9 0 
8 6 0 0 0 10 2 5 10 4 0 0 0 0 0 0 0 0 0 0 0 0 10 0 0 0 0 0 0 
0 0 8 0 0 0 0 0 0 0 0 7 1 0 0 0 0 0 0 0 4 0 0 0 0 0 0 0 0 
7 5 0 1 0 0 0 0 0 0 3 5 0 0 0 0 3 0 0 0 0 0 0 0 0 0 0 4 0 
0 0 0 0 0 0 0 0 0 0 0 0 7 0 10 0 0 2 0 0 0 0 0 0 3 0 1 2 0 
10 0 0 5 0 0 0 0 0 0 0 0 0 0 0 10 0 0 0 0 0 0 0 0 10 6 0 0 0 
0 0 10 0 0 6 0 0 10 0 0 0 0 4 0 0 0 0 0 7 0 0 0 0 0 0 10 8 0 
4 0 0 0 0 5 0 0 0 0 1 0 6 3 0 0 0 0 8 0 0 3 0 0 4 7 0 0 0 
10 0 0 0 0 0 6 0 0 0 5 5 0 0 0 5 4 0 4 0 3 0 0 0 0 0 0 0 0 
0 0 0 5 0 0 6 5 1 0 0 10 0 0 0 0 1 5 0 5 0 0 2 8 0 8 2 0 0 
0 0 0 8 0 0 5 0 0 0 0 0 0 0 0 7 9 0 0 1 0 6 0 0 0 0 0 1 0 
0 0 0 0 0 0 0 9 0 0 4 0 0 0 0 0 0 0 0 0 0 0 0 5 7 0 6 0 0 
0 0 0 0 0 0 0 0 9 0 0 5 0 0 0 0 0 7 7 0 0 5 0 0 0 0 3 4 10 
4 0 0 0 0 0 0 9 8 1 8 0 6 0 0 7 0 1 0 4 3 0 0 0 6 0 0 0 4 
0 0 0 0 0 0 0 8 1 2 4 0 2 0 0 0 0 0 0 0 0 0 7 0 0 7 0 7 0 
4 0 0 0 0 0 0 5 0 0 0 0 0 0 0 0 0 0 6 0 0 0 8 0 0 0 0 4 0 
0 0 0 2 0 1 0 0 2 5 0 8 0 0 2 8 3 0 1 0 0 0 6 0 0 7 0 5 0 
6 0 0 0 0 0 0 0 0 5 0 0 0 0 0 0 0 10 0 1 0 1 0 0 0 0 0 4 0 
0 0 0 0 0 0 0 0 0 9 10 6 0 6 5 10 10 0 3 0 6 0 0 0 9 0 0 0 0 
0 0 0 0 8 5 0 6 0 0 9 0 0 6 7 0 0 0 0 4 0 0 4 4 0 0 0 0 0 
0 0 8 2 0 0 8 0 0 0 0 4 0 0 0 2 0 0 1 0 0 0 0 0 0 0 0 3 6 
0 0 0 0 0 0 1 10 0 0 3 0 9 0 3 5 0 0 0 0 0 0 0 3 0 0 5 0 0 
6 0 0 0 0 0 0 6 0 0 0 0 6 0 0 5 0 0 0 0 0 0 3 0 1 0 0 5 10 
0 0 4 0 8 10 0 0 8 0 0 0 0 0 0 0 4 0 2 0 4 6 0 5 0 4 4 5 0 
0 0 0 3 1 9 1 0 0 0 7 0 9 0 9 0 0 4 0 0 0 0 9 0 0 0 6 0 3 
0 0 10 0 0 0 0 0 0 0 1 0 0 10 8 0 0 0 0 0 6 5 5 0 5 3 0 1 0 
0 10 0 0 0 0 10 0 10 0 0 9 0 0 0 6 0 0 0 0 0 8 10 0 5 0 0 0 0 
10 4 0 0 0 0 5 0 0 0 0 1 0 0 0 0 0 0 0 0 4 0 8 0 0 0 0 0 0 
