28
0 9 0 0 9 2 2 5 0 0 2 0 5 0 0 0 10 0 0 9 3 0 0 1 10 0 2 6 
8 0 4 0 0 3 0 0 0 0 0 0 0 9 0 0 0 0 7 0 0 5 0 0 7 0 0 0 
0 0 0 0 0 0 8 3 10 0 8 9 8 0 0 3 0 3 0 0 0 0 0 0 4 0 0 0 
1 0 5 0 6 10 10 0 0 0 0 0 5 10 0 0 0 0 7 0 7 0 0 0 3 0 0 10 
0 0 0 8 0 0 0 0 0 5 0 0 0 0 0 5 0 0 0 9 0 8 0 0 0 0 3 0 
0 5 0 9 0 0 0 0 0 0 6 0 0 0 0 0 0 0 3 0 0 0 0 0 0 0 0 7 
0 3 6 0 0 5 0 10 1 0 0 0 2 0 0 0 0 0 0 10 7 0 3 0 0 8 0 6 
0 0 0 0 0 0 0 0 0 7 0 0 0 6 0 0 8 0 0 0 1 3 0 0 0 1 0 0 
0 0 0 3 0 0 10 10 0 0 9 0 0 7 0 0 3 0 1 0 7 0 0 9 0 0 5 0 
0 0 0 0 0 0 0 8 0 0 3 0 0 3 0 0 0 0 3 0 6 0 0 0 1 0 0 0 
0 2 0 0 0 0 0 0 0 0 0 0 0 0 0 8 0 9 0 0 0 0 0 0 3 10 0 0 
2 10 7 0 0 0 7 4 6 0 3 0 0 0 0 0 0 0 0 10 0 3 0 0 1 0 5 0 
0 6 7 3 2 0 3 4 5 0 8 5 0 0 0 0 0 0 0 0 5 0 8 0 3 0 0 3 
0 3 0 0 0 5 0 0 0 2 1 0 0 0 0 0 2 0 9 6 0 0 8 2 0 0 3 0 
10 0 9 0 0 0 0 0 0 0 0 0 0 0 0 9 1 0 2 7 0 9 0 0 0 0 0 0 
9 0 0 2 0 0 0 10 0 0 0 0 0 0 0 0 3 0 0 0 0 6 0 2 0 0 4 0 
0 10 0 0 0 0 10 0 0 6 0 0 0 2 2 0 0 0 6 0 0 0 0 5 0 8 0 1 
0 1 3 7 2 0 5 0 0 4 0 10 0 0 0 0 2 0 0 5 9 0 0 0 0 0 6 0 
0 0 2 0 0 10 0 0 3 0 0 6 0 0 5 0 3 10 0 0 0 0 9 5 0 0 0 0 
10 0 0 5 0 0 0 9 5 0 0 0 0 0 3 8 0 0 0 0 0 0 2 0 8 5 0 0 
5 1 0 0 4 0 1 4 0 0 0 0 10 5 0 8 8 0 2 0 0 8 1 0 8 4 0 0 
0 0 0 0 0 0 0 10 0 8 8 5 0 0 0 9 0 3 0 8 0 0 0 0 0 0 0 0 
0 0 6 1 0 0 6 1 0 0 9 10 0 0 0 0 0 8 0 0 0 0 0 0 0 7 0 0 
2 6 0 0 0 0 0 0 0 0 10 2 2 2 0 0 4 7 0 9 4 0 0 0 0 4 0 0 
0 0 5 0 0 6 2 0 0 0 0 0 2 0 0 0 0 6 0 4 10 0 0 0 0 0 6 1 
0 8 2 2 3 10 2 5 8 4 0 4 10 0 0 0 0 0 0 0 0 0 8 0 2 0 0 0 
7 6 0 0 0 0 0 0 0 0 10 0 10 0 0 7 0 0 0 0 0 0 3 8 0 0 0 0 
7 0 0 0 0 0 0 0 9 3 0 0 0 0 0 5 0 0 0 0 0 3 0 0 0 0 0 0 
