24
0 0 0 5 0 0 5 0 0 0 0 0 0 0 10 10 0 0 0 10 0 9 0 0 
0 0 6 0 2 0 0 0 0 0 7 0 0 0 0 7 0 0 0 5 5 0 0 0 
0 0 0 5 0 9 2 0 0 0 0 3 0 0 0 0 0 0 0 9 0 0 6 5 
0 8 0 0 0 0 0 6 0 0 0 10 0 0 0 0 0 0 0 6 0 0 0 6 
0 0 0 0 0 3 6 0 0 4 0 0 0 2 0 0 0 6 0 2 0 0 0 5 
9 0 0 0 5 0 0 6 0 1 0 9 0 0 0 0 2 10 0 0 0 0 0 0 
0 5 7 0 9 10 0 8 0 0 0 0 6 0 0 0 0 0 0 3 0 6 0 9 
8 0 0 0 2 8 0 0 0 0 0 0 1 0 0 7 0 0 0 0 0 2 0 5 
0 0 0 0 0 0 0 0 0 0 0 0 0 0 0 0 9 0 0 0 0 6 0 0 
0 0 0 0 3 6 6 0 5 0 0 6 0 0 2 4 6 0 0 0 3 0 0 10 
0 0 0 0 0 0 6 0 0 1 0 0 10 0 0 2 6 5 0 8 0 0 0 0 
3 3 0 0 0 0 1 9 0 0 10 0 7 0 0 0 0 3 0 0 7 0 0 0 
8 0 0 0 0 0 5 0 9 0 0 0 0 0 0 0 0 6 0 0 0 0 0 0 
3 6 0 0 0 1 0 0 9 0 0 0 0 0 3 0 0 5 5 0 0 0 2 0 
0 0 0 1 0 0 0 3 0 4 10 5 0 0 0 0 3 0 0 0 0 0 0 1 
10 0 0 0 9 3 0 0 0 6 0 10 3 2 0 0 0 0 0 1 0 7 0 0 
3 0 0 0 0 8 3 0 0 0 4 0 9 0 0 0 0 0 0 0 10 0 0 0 
6 0 0 0 0 0 0 0 0 0 0 0 0 5 0 0 0 0 0 0 0 0 0 2 
8 0 8 0 0 0 0 0 0 0 0 8 0 0 0 9 0 1 0 0 0 3 4 0 
0 0 2 0 0 0 0 0 5 0 0 7 0 0 8 0 0 0 0 0 0 0 0 0 
0 5 0 0 8 0 0 0 0 3 0 0 0 0 0 0 0 0 0 0 0 0 0 9 
0 6 9 0 0 1 0 0 0 0 5 0 10 0 0 0 4 7 0 0 8 0 2 0 
0 0 2 0 9 7 0 0 0 9 7 2 0 0 0 0 2 0 0 0 9 0 0 0 
0 0 0 0 0 0 2 0 0 0 0 0 0 0 0 0 0 0 0 8 0 0 0 0 
